Launching lib\main.dart on H9493 in debug mode...
I/flutter (23972): 0 Страт фото для позиции 5 32
I/flutter (23972): 0 Начало низкоуровневого2 получения позиции 9 79
I/flutter (23972): 0 Конец фото для позиции 9 233
I/flutter (23972): 1 Страт фото для позиции 9 235
I/flutter (23972): 1 Начало низкоуровневого2 получения позиции 11 348
I/flutter (23972): 1 Конец фото для позиции 11 359
I/flutter (23972): 2 Страт фото для позиции 11 360
I/flutter (23972): 2 Начало низкоуровневого2 получения позиции 12 902
I/flutter (23972): 2 Конец фото для позиции 12 910
I/flutter (23972): 3 Страт фото для позиции 12 911
I/flutter (23972): 0 Конец низкоуровневого2 получения позиции 13 777
I/flutter (23972): 0 Позиция {"distance":0.1542560656865438,"sensor":-0.1986075484716892} {"distance":0.1542560656865438,"sensor":-0.1986075484716892} [123, 34, 100, 105, 115, 116, 97, 110, 99, 101, 34, 58, 48, 46, 49, 53, 52, 50, 53, 54, 48, 54, 53, 54, 56, 54, 53, 52, 51, 56, 44, 34, 115, 101, 110, 115, 111, 114, 34, 58, 45, 48, 46, 49, 57, 56, 54, 48, 55, 53, 52, 56, 52, 55, 49, 54, 56, 57, 50, 125] {"distance":0.1542560656865438,"sensor":-0.1986075484716892}, [123, 34, 100, 105, 115, 116, 97, 110, 99, 101, 34, 58, 48, 46, 49, 53, 52, 50, 53, 54, 48, 54, 53, 54, 56, 54, 53, 52, 51, 56, 44, 34, 115, 101, 110, 115, 111, 114, 34, 58, 45, 48, 46, 49, 57, 56, 54, 48, 55, 53, 52, 56, 52, 55, 49, 54, 56, 57, 50, 125]
I/flutter (23972): 3 Начало низкоуровневого2 получения позиции 14 504
I/flutter (23972): 3 Конец фото для позиции 14 512
I/flutter (23972): 4 Страт фото для позиции 14 513
I/flutter (23972): 1 Конец низкоуровневого2 получения позиции 14 573
I/flutter (23972): 1 Позиция {"distance":0.11520131429036458,"sensor":-0.1825946533346176} {"distance":0.11520131429036458,"sensor":-0.1825946533346176} [123, 34, 100, 105, 115, 116, 97, 110, 99, 101, 34, 58, 48, 46, 49, 49, 53, 50, 48, 49, 51, 49, 52, 50, 57, 48, 51, 54, 52, 53, 56, 44, 34, 115, 101, 110, 115, 111, 114, 34, 58, 45, 48, 46, 49, 56, 50, 53, 57, 52, 54, 53, 51, 51, 51, 52, 54, 49, 55, 54, 125] {"distance":0.11520131429036458,"sensor":-0.1825946533346176}, [123, 34, 100, 105, 115, 116, 97, 110, 99, 101, 34, 58, 48, 46, 49, 49, 53, 50, 48, 49, 51, 49, 52, 50, 57, 48, 51, 54, 52, 53, 56, 44, 34, 115, 101, 110, 115, 111, 114, 34, 58, 45, 48, 46, 49, 56, 50, 53, 57, 52, 54, 53, 51, 51, 51, 52, 54, 49, 55, 54, 125]
I/flutter (23972): 4 Начало низкоуровневого2 получения позиции 16 39
I/flutter (23972): 4 Конец фото для позиции 16 52
I/flutter (23972): 5 Страт фото для позиции 16 53
I/flutter (23972): 2 Конец низкоуровневого2 получения позиции 16 73
I/flutter (23972): 2 Позиция {"distance":0.17842709024747214,"sensor":-0.25645155357956884} {"distance":0.17842709024747214,"sensor":-0.25645155357956884} [123, 34, 100, 105, 115, 116, 97, 110, 99, 101, 34, 58, 48, 46, 49, 55, 56, 52, 50, 55, 48, 57, 48, 50, 52, 55, 52, 55, 50, 49, 52, 44, 34, 115, 101, 110, 115, 111, 114, 34, 58, 45, 48, 46, 50, 53, 54, 52, 53, 49, 53, 53, 51, 53, 55, 57, 53, 54, 56, 56, 52, 125] {"distance":0.17842709024747214,"sensor":-0.25645155357956884}, [123, 34, 100, 105, 115, 116, 97, 110, 99, 101, 34, 58, 48, 46, 49, 55, 56, 52, 50, 55, 48, 57, 48, 50, 52, 55, 52, 55, 50, 49, 52, 44, 34, 115, 101, 110, 115, 111, 114, 34, 58, 45, 48, 46, 50, 53, 54, 52, 53, 49, 53, 53, 51, 53, 55, 57, 53, 54, 56, 56, 52, 125]
I/flutter (23972): 5 Начало низкоуровневого2 получения позиции 17 574
I/flutter (23972): 5 Конец фото для позиции 17 582
I/flutter (23972): 6 Страт фото для позиции 17 584
I/flutter (23972): 3 Конец низкоуровневого2 получения позиции 17 601
I/flutter (23972): 3 Позиция {"distance":0.16988112529118857,"sensor":-0.21012374439477918} {"distance":0.16988112529118857,"sensor":-0.21012374439477918} [123, 34, 100, 105, 115, 116, 97, 110, 99, 101, 34, 58, 48, 46, 49, 54, 57, 56, 56, 49, 49, 50, 53, 50, 57, 49, 49, 56, 56, 53, 55, 44, 34, 115, 101, 110, 115, 111, 114, 34, 58, 45, 48, 46, 50, 49, 48, 49, 50, 51, 55, 52, 52, 51, 57, 52, 55, 55, 57, 49, 56, 125] {"distance":0.16988112529118857,"sensor":-0.21012374439477918}, [123, 34, 100, 105, 115, 116, 97, 110, 99, 101, 34, 58, 48, 46, 49, 54, 57, 56, 56, 49, 49, 50, 53, 50, 57, 49, 49, 56, 56, 53, 55, 44, 34, 115, 101, 110, 115, 111, 114, 34, 58, 45, 48, 46, 50, 49, 48, 49, 50, 51, 55, 52, 52, 51, 57, 52, 55, 55, 57, 49, 56, 125]
I/flutter (23972): 6 Начало низкоуровневого2 получения позиции 19 98
I/flutter (23972): 6 Конец фото для позиции 19 106
I/flutter (23972): 7 Страт фото для позиции 19 107
I/flutter (23972): 4 Конец низкоуровневого2 получения позиции 19 145
I/flutter (23972): 4 Позиция {"distance":0.16304179032643637,"sensor":-0.20651892321944235} {"distance":0.16304179032643637,"sensor":-0.20651892321944235} [123, 34, 100, 105, 115, 116, 97, 110, 99, 101, 34, 58, 48, 46, 49, 54, 51, 48, 52, 49, 55, 57, 48, 51, 50, 54, 52, 51, 54, 51, 55, 44, 34, 115, 101, 110, 115, 111, 114, 34, 58, 45, 48, 46, 50, 48, 54, 53, 49, 56, 57, 50, 51, 50, 49, 57, 52, 52, 50, 51, 53, 125] {"distance":0.16304179032643637,"sensor":-0.20651892321944235}, [123, 34, 100, 105, 115, 116, 97, 110, 99, 101, 34, 58, 48, 46, 49, 54, 51, 48, 52, 49, 55, 57, 48, 51, 50, 54, 52, 51, 54, 51, 55, 44, 34, 115, 101, 110, 115, 111, 114, 34, 58, 45, 48, 46, 50, 48, 54, 53, 49, 56, 57, 50, 51, 50, 49, 57, 52, 52, 50, 51, 53, 125]
I/flutter (23972): 7 Начало низкоуровневого2 получения позиции 20 548
I/flutter (23972): 7 Конец фото для позиции 20 557
I/flutter (23972): 8 Страт фото для позиции 20 558
I/flutter (23972): 5 Конец низкоуровневого2 получения позиции 20 577
I/flutter (23972): 5 Позиция {"distance":0.16100807984670004,"sensor":-0.20995333963274954} {"distance":0.16100807984670004,"sensor":-0.20995333963274954} [123, 34, 100, 105, 115, 116, 97, 110, 99, 101, 34, 58, 48, 46, 49, 54, 49, 48, 48, 56, 48, 55, 57, 56, 52, 54, 55, 48, 48, 48, 52, 44, 34, 115, 101, 110, 115, 111, 114, 34, 58, 45, 48, 46, 50, 48, 57, 57, 53, 51, 51, 51, 57, 54, 51, 50, 55, 52, 57, 53, 52, 125] {"distance":0.16100807984670004,"sensor":-0.20995333963274954}, [123, 34, 100, 105, 115, 116, 97, 110, 99, 101, 34, 58, 48, 46, 49, 54, 49, 48, 48, 56, 48, 55, 57, 56, 52, 54, 55, 48, 48, 48, 52, 44, 34, 115, 101, 110, 115, 111, 114, 34, 58, 45, 48, 46, 50, 48, 57, 57, 53, 51, 51, 51, 57, 54, 51, 50, 55, 52, 57, 53, 52, 125]
I/flutter (23972): 8 Начало низкоуровневого2 получения позиции 22 92
I/flutter (23972): 8 Конец фото для позиции 22 102
I/flutter (23972): 9 Страт фото для позиции 22 103
I/flutter (23972): 6 Конец низкоуровневого2 получения позиции 22 124
I/flutter (23972): 6 Позиция {"distance":0.16822828849156699,"sensor":-0.21308847686290738} {"distance":0.16822828849156699,"sensor":-0.21308847686290738} [123, 34, 100, 105, 115, 116, 97, 110, 99, 101, 34, 58, 48, 46, 49, 54, 56, 50, 50, 56, 50, 56, 56, 52, 57, 49, 53, 54, 54, 57, 57, 44, 34, 115, 101, 110, 115, 111, 114, 34, 58, 45, 48, 46, 50, 49, 51, 48, 56, 56, 52, 55, 54, 56, 54, 50, 57, 48, 55, 51, 56, 125] {"distance":0.16822828849156699,"sensor":-0.21308847686290738}, [123, 34, 100, 105, 115, 116, 97, 110, 99, 101, 34, 58, 48, 46, 49, 54, 56, 50, 50, 56, 50, 56, 56, 52, 57, 49, 53, 54, 54, 57, 57, 44, 34, 115, 101, 110, 115, 111, 114, 34, 58, 45, 48, 46, 50, 49, 51, 48, 56, 56, 52, 55, 54, 56, 54, 50, 57, 48, 55, 51, 56, 125]
I/flutter (23972): 9 Начало низкоуровневого2 получения позиции 23 591
I/flutter (23972): 9 Конец фото для позиции 23 599
I/flutter (23972): 10 Страт фото для позиции 23 600
I/flutter (23972): 7 Конец низкоуровневого2 получения позиции 23 617
I/flutter (23972): 7 Позиция {"distance":0.16436858971913657,"sensor":-0.21328222304224967} {"distance":0.16436858971913657,"sensor":-0.21328222304224967} [123, 34, 100, 105, 115, 116, 97, 110, 99, 101, 34, 58, 48, 46, 49, 54, 52, 51, 54, 56, 53, 56, 57, 55, 49, 57, 49, 51, 54, 53, 55, 44, 34, 115, 101, 110, 115, 111, 114, 34, 58, 45, 48, 46, 50, 49, 51, 50, 56, 50, 50, 50, 51, 48, 52, 50, 50, 52, 57, 54, 55, 125] {"distance":0.16436858971913657,"sensor":-0.21328222304224967}, [123, 34, 100, 105, 115, 116, 97, 110, 99, 101, 34, 58, 48, 46, 49, 54, 52, 51, 54, 56, 53, 56, 57, 55, 49, 57, 49, 51, 54, 53, 55, 44, 34, 115, 101, 110, 115, 111, 114, 34, 58, 45, 48, 46, 50, 49, 51, 50, 56, 50, 50, 50, 51, 48, 52, 50, 50, 52, 57, 54, 55, 125]
I/flutter (23972): 10 Начало низкоуровневого2 получения позиции 25 164
I/flutter (23972): 10 Конец фото для позиции 25 172
I/flutter (23972): 11 Страт фото для позиции 25 173
I/flutter (23972): 8 Конец низкоуровневого2 получения позиции 25 200
I/flutter (23972): 8 Позиция {"distance":0.16735835870107016,"sensor":-0.21430874877810477} {"distance":0.16735835870107016,"sensor":-0.21430874877810477} [123, 34, 100, 105, 115, 116, 97, 110, 99, 101, 34, 58, 48, 46, 49, 54, 55, 51, 53, 56, 51, 53, 56, 55, 48, 49, 48, 55, 48, 49, 54, 44, 34, 115, 101, 110, 115, 111, 114, 34, 58, 45, 48, 46, 50, 49, 52, 51, 48, 56, 55, 52, 56, 55, 55, 56, 49, 48, 52, 55, 55, 125] {"distance":0.16735835870107016,"sensor":-0.21430874877810477}, [123, 34, 100, 105, 115, 116, 97, 110, 99, 101, 34, 58, 48, 46, 49, 54, 55, 51, 53, 56, 51, 53, 56, 55, 48, 49, 48, 55, 48, 49, 54, 44, 34, 115, 101, 110, 115, 111, 114, 34, 58, 45, 48, 46, 50, 49, 52, 51, 48, 56, 55, 52, 56, 55, 55, 56, 49, 48, 52, 55, 55, 125]
I/flutter (23972): 11 Начало низкоуровневого2 получения позиции 26 812
I/flutter (23972): 11 Конец фото для позиции 26 820
I/flutter (23972): 12 Страт фото для позиции 26 821
I/flutter (23972): 9 Конец низкоуровневого2 получения позиции 26 832
I/flutter (23972): 9 Позиция {"distance":0.1545612414677938,"sensor":-0.20503326683878897} {"distance":0.1545612414677938,"sensor":-0.20503326683878897} [123, 34, 100, 105, 115, 116, 97, 110, 99, 101, 34, 58, 48, 46, 49, 53, 52, 53, 54, 49, 50, 52, 49, 52, 54, 55, 55, 57, 51, 56, 44, 34, 115, 101, 110, 115, 111, 114, 34, 58, 45, 48, 46, 50, 48, 53, 48, 51, 51, 50, 54, 54, 56, 51, 56, 55, 56, 56, 57, 55, 125] {"distance":0.1545612414677938,"sensor":-0.20503326683878897}, [123, 34, 100, 105, 115, 116, 97, 110, 99, 101, 34, 58, 48, 46, 49, 53, 52, 53, 54, 49, 50, 52, 49, 52, 54, 55, 55, 57, 51, 56, 44, 34, 115, 101, 110, 115, 111, 114, 34, 58, 45, 48, 46, 50, 48, 53, 48, 51, 51, 50, 54, 54, 56, 51, 56, 55, 56, 56, 57, 55, 125]
I/flutter (23972): 10 Конец низкоуровневого2 получения позиции 26 835
I/flutter (23972): 10 Позиция {"distance":0.15945120652516684,"sensor":-0.21849133211016653} {"distance":0.15945120652516684,"sensor":-0.21849133211016653} [123, 34, 100, 105, 115, 116, 97, 110, 99, 101, 34, 58, 48, 46, 49, 53, 57, 52, 53, 49, 50, 48, 54, 53, 50, 53, 49, 54, 54, 56, 52, 44, 34, 115, 101, 110, 115, 111, 114, 34, 58, 45, 48, 46, 50, 49, 56, 52, 57, 49, 51, 51, 50, 49, 49, 48, 49, 54, 54, 53, 51, 125] {"distance":0.15945120652516684,"sensor":-0.21849133211016653}, [123, 34, 100, 105, 115, 116, 97, 110, 99, 101, 34, 58, 48, 46, 49, 53, 57, 52, 53, 49, 50, 48, 54, 53, 50, 53, 49, 54, 54, 56, 52, 44, 34, 115, 101, 110, 115, 111, 114, 34, 58, 45, 48, 46, 50, 49, 56, 52, 57, 49, 51, 51, 50, 49, 49, 48, 49, 54, 54, 53, 51, 125]
I/flutter (23972): 12 Начало низкоуровневого2 получения позиции 28 479
I/flutter (23972): 12 Конец фото для позиции 28 489
I/flutter (23972): 13 Страт фото для позиции 28 491
I/flutter (23972): 11 Конец низкоуровневого2 получения позиции 28 502
I/flutter (23972): 11 Позиция {"distance":0.15401705106099448,"sensor":-0.19144427856445312} {"distance":0.15401705106099448,"sensor":-0.19144427856445312} [123, 34, 100, 105, 115, 116, 97, 110, 99, 101, 34, 58, 48, 46, 49, 53, 52, 48, 49, 55, 48, 53, 49, 48, 54, 48, 57, 57, 52, 52, 56, 44, 34, 115, 101, 110, 115, 111, 114, 34, 58, 45, 48, 46, 49, 57, 49, 52, 52, 52, 50, 55, 56, 53, 54, 52, 52, 53, 51, 49, 50, 125] {"distance":0.15401705106099448,"sensor":-0.19144427856445312}, [123, 34, 100, 105, 115, 116, 97, 110, 99, 101, 34, 58, 48, 46, 49, 53, 52, 48, 49, 55, 48, 53, 49, 48, 54, 48, 57, 57, 52, 52, 56, 44, 34, 115, 101, 110, 115, 111, 114, 34, 58, 45, 48, 46, 49, 57, 49, 52, 52, 52, 50, 55, 56, 53, 54, 52, 52, 53, 51, 49, 50, 125]
I/flutter (23972): 13 Начало низкоуровневого2 получения позиции 29 991
I/flutter (23972): 13 Конец фото для позиции 29 999
I/flutter (23972): 14 Страт фото для позиции 30 0
I/flutter (23972): 12 Конец низкоуровневого2 получения позиции 30 247
I/flutter (23972): 12 Позиция {"distance":0.18508597215016684,"sensor":-0.2430935584270954} {"distance":0.18508597215016684,"sensor":-0.2430935584270954} [123, 34, 100, 105, 115, 116, 97, 110, 99, 101, 34, 58, 48, 46, 49, 56, 53, 48, 56, 53, 57, 55, 50, 49, 53, 48, 49, 54, 54, 56, 52, 44, 34, 115, 101, 110, 115, 111, 114, 34, 58, 45, 48, 46, 50, 52, 51, 48, 57, 51, 53, 53, 56, 52, 50, 55, 48, 57, 53, 52, 125] {"distance":0.18508597215016684,"sensor":-0.2430935584270954}, [123, 34, 100, 105, 115, 116, 97, 110, 99, 101, 34, 58, 48, 46, 49, 56, 53, 48, 56, 53, 57, 55, 50, 49, 53, 48, 49, 54, 54, 56, 52, 44, 34, 115, 101, 110, 115, 111, 114, 34, 58, 45, 48, 46, 50, 52, 51, 48, 57, 51, 53, 53, 56, 52, 50, 55, 48, 57, 53, 52, 125]
I/flutter (23972): 14 Начало низкоуровневого2 получения позиции 31 485
I/flutter (23972): 14 Конец фото для позиции 31 510
I/flutter (23972): 15 Страт фото для сохранения 31 522
I/flutter (23972): 13 Конец низкоуровневого2 получения позиции 31 533
I/flutter (23972): 13 Позиция {"distance":0.18532379468282065,"sensor":-0.20997277012109755} {"distance":0.18532379468282065,"sensor":-0.20997277012109755} [123, 34, 100, 105, 115, 116, 97, 110, 99, 101, 34, 58, 48, 46, 49, 56, 53, 51, 50, 51, 55, 57, 52, 54, 56, 50, 56, 50, 48, 54, 53, 44, 34, 115, 101, 110, 115, 111, 114, 34, 58, 45, 48, 46, 50, 48, 57, 57, 55, 50, 55, 55, 48, 49, 50, 49, 48, 57, 55, 53, 53, 125] {"distance":0.18532379468282065,"sensor":-0.20997277012109755}, [123, 34, 100, 105, 115, 116, 97, 110, 99, 101, 34, 58, 48, 46, 49, 56, 53, 51, 50, 51, 55, 57, 52, 54, 56, 50, 56, 50, 48, 54, 53, 44, 34, 115, 101, 110, 115, 111, 114, 34, 58, 45, 48, 46, 50, 48, 57, 57, 55, 50, 55, 55, 48, 49, 50, 49, 48, 57, 55, 53, 53, 125]
I/flutter (23972): 14 Конец низкоуровневого2 получения позиции 32 891
I/flutter (23972): 14 Позиция {"distance":0.1713342865308126,"sensor":-0.19958956411123274} {"distance":0.1713342865308126,"sensor":-0.19958956411123274} [123, 34, 100, 105, 115, 116, 97, 110, 99, 101, 34, 58, 48, 46, 49, 55, 49, 51, 51, 52, 50, 56, 54, 53, 51, 48, 56, 49, 50, 54, 44, 34, 115, 101, 110, 115, 111, 114, 34, 58, 45, 48, 46, 49, 57, 57, 53, 56, 57, 53, 54, 52, 49, 49, 49, 50, 51, 50, 55, 52, 125] {"distance":0.1713342865308126,"sensor":-0.19958956411123274}, [123, 34, 100, 105, 115, 116, 97, 110, 99, 101, 34, 58, 48, 46, 49, 55, 49, 51, 51, 52, 50, 56, 54, 53, 51, 48, 56, 49, 50, 54, 44, 34, 115, 101, 110, 115, 111, 114, 34, 58, 45, 48, 46, 49, 57, 57, 53, 56, 57, 53, 54, 52, 49, 49, 49, 50, 51, 50, 55, 52, 125]
I/flutter (23972): 15 Начало низкоуровневого2 получения позиции 33 808
I/flutter (23972): 15 Начало сохранения 33 816
I/System.out(23972): ImageGallerySaverPlugin 80
I/flutter (23972): 15 Конец фото для сохранения 330
I/flutter (23972): 16 Страт фото для позиции 34 331
I/flutter (23972): 16 Начало низкоуровневого2 получения позиции 35 775
I/flutter (23972): 16 Конец фото для позиции 35 784
I/flutter (23972): 17 Страт фото для позиции 35 785
I/flutter (23972): 15 Конец низкоуровневого2 получения позиции 35 794
I/flutter (23972): 15 Позиция {"distance":0.1839731534322103,"sensor":-0.24360365530490874} {"distance":0.1839731534322103,"sensor":-0.24360365530490874} [123, 34, 100, 105, 115, 116, 97, 110, 99, 101, 34, 58, 48, 46, 49, 56, 51, 57, 55, 51, 49, 53, 51, 52, 51, 50, 50, 49, 48, 51, 44, 34, 115, 101, 110, 115, 111, 114, 34, 58, 45, 48, 46, 50, 52, 51, 54, 48, 51, 54, 53, 53, 51, 48, 52, 57, 48, 56, 55, 52, 125] {"distance":0.1839731534322103,"sensor":-0.24360365530490874}, [123, 34, 100, 105, 115, 116, 97, 110, 99, 101, 34, 58, 48, 46, 49, 56, 51, 57, 55, 51, 49, 53, 51, 52, 51, 50, 50, 49, 48, 51, 44, 34, 115, 101, 110, 115, 111, 114, 34, 58, 45, 48, 46, 50, 52, 51, 54, 48, 51, 54, 53, 53, 51, 48, 52, 57, 48, 56, 55, 52, 125]
I/flutter (23972): 17 Начало низкоуровневого2 получения позиции 37 284
I/flutter (23972): 17 Конец фото для позиции 37 304
I/flutter (23972): 18 Страт фото для позиции 37 305
I/flutter (23972): 16 Конец низкоуровневого2 получения позиции 37 323
I/flutter (23972): 16 Позиция {"distance":0.15964670976003012,"sensor":-0.23217362397551536} {"distance":0.15964670976003012,"sensor":-0.23217362397551536} [123, 34, 100, 105, 115, 116, 97, 110, 99, 101, 34, 58, 48, 46, 49, 53, 57, 54, 52, 54, 55, 48, 57, 55, 54, 48, 48, 51, 48, 49, 50, 44, 34, 115, 101, 110, 115, 111, 114, 34, 58, 45, 48, 46, 50, 51, 50, 49, 55, 51, 54, 50, 51, 57, 55, 53, 53, 49, 53, 51, 54, 125] {"distance":0.15964670976003012,"sensor":-0.23217362397551536}, [123, 34, 100, 105, 115, 116, 97, 110, 99, 101, 34, 58, 48, 46, 49, 53, 57, 54, 52, 54, 55, 48, 57, 55, 54, 48, 48, 51, 48, 49, 50, 44, 34, 115, 101, 110, 115, 111, 114, 34, 58, 45, 48, 46, 50, 51, 50, 49, 55, 51, 54, 50, 51, 57, 55, 53, 53, 49, 53, 51, 54, 125]
I/flutter (23972): 18 Начало низкоуровневого2 получения позиции 38 953
I/flutter (23972): 18 Конец фото для позиции 38 962
I/flutter (23972): 19 Страт фото для позиции 38 963
I/flutter (23972): 17 Конец низкоуровневого2 получения позиции 38 973
I/flutter (23972): 17 Позиция {"distance":0.17010613282521567,"sensor":-0.2239713506066799} {"distance":0.17010613282521567,"sensor":-0.2239713506066799} [123, 34, 100, 105, 115, 116, 97, 110, 99, 101, 34, 58, 48, 46, 49, 55, 48, 49, 48, 54, 49, 51, 50, 56, 50, 53, 50, 49, 53, 54, 55, 44, 34, 115, 101, 110, 115, 111, 114, 34, 58, 45, 48, 46, 50, 50, 51, 57, 55, 49, 51, 53, 48, 54, 48, 54, 54, 55, 57, 57, 125] {"distance":0.17010613282521567,"sensor":-0.2239713506066799}, [123, 34, 100, 105, 115, 116, 97, 110, 99, 101, 34, 58, 48, 46, 49, 55, 48, 49, 48, 54, 49, 51, 50, 56, 50, 53, 50, 49, 53, 54, 55, 44, 34, 115, 101, 110, 115, 111, 114, 34, 58, 45, 48, 46, 50, 50, 51, 57, 55, 49, 51, 53, 48, 54, 48, 54, 54, 55, 57, 57, 125]
I/flutter (23972): 19 Начало низкоуровневого2 получения позиции 40 556
I/flutter (23972): 19 Конец фото для позиции 40 566
I/flutter (23972): 20 Страт фото для позиции 40 568
I/flutter (23972): 18 Конец низкоуровневого2 получения позиции 40 579
I/flutter (23972): 18 Позиция {"distance":0.18412603934605917,"sensor":-0.23640493872404097} {"distance":0.18412603934605917,"sensor":-0.23640493872404097} [123, 34, 100, 105, 115, 116, 97, 110, 99, 101, 34, 58, 48, 46, 49, 56, 52, 49, 50, 54, 48, 51, 57, 51, 52, 54, 48, 53, 57, 49, 55, 44, 34, 115, 101, 110, 115, 111, 114, 34, 58, 45, 48, 46, 50, 51, 54, 52, 48, 52, 57, 51, 56, 55, 50, 52, 48, 52, 48, 57, 55, 125] {"distance":0.18412603934605917,"sensor":-0.23640493872404097}, [123, 34, 100, 105, 115, 116, 97, 110, 99, 101, 34, 58, 48, 46, 49, 56, 52, 49, 50, 54, 48, 51, 57, 51, 52, 54, 48, 53, 57, 49, 55, 44, 34, 115, 101, 110, 115, 111, 114, 34, 58, 45, 48, 46, 50, 51, 54, 52, 48, 52, 57, 51, 56, 55, 50, 52, 48, 52, 48, 57, 55, 125]
I/flutter (23972): 20 Начало низкоуровневого2 получения позиции 42 140
I/flutter (23972): 20 Конец фото для позиции 42 149
I/flutter (23972): 21 Страт фото для позиции 42 150
I/flutter (23972): 19 Конец низкоуровневого2 получения позиции 42 162
I/flutter (23972): 19 Позиция {"distance":0.16120477517445883,"sensor":-0.2352806397640705} {"distance":0.16120477517445883,"sensor":-0.2352806397640705} [123, 34, 100, 105, 115, 116, 97, 110, 99, 101, 34, 58, 48, 46, 49, 54, 49, 50, 48, 52, 55, 55, 53, 49, 55, 52, 52, 53, 56, 56, 51, 44, 34, 115, 101, 110, 115, 111, 114, 34, 58, 45, 48, 46, 50, 51, 53, 50, 56, 48, 54, 51, 57, 55, 54, 52, 48, 55, 48, 53, 125] {"distance":0.16120477517445883,"sensor":-0.2352806397640705}, [123, 34, 100, 105, 115, 116, 97, 110, 99, 101, 34, 58, 48, 46, 49, 54, 49, 50, 48, 52, 55, 55, 53, 49, 55, 52, 52, 53, 56, 56, 51, 44, 34, 115, 101, 110, 115, 111, 114, 34, 58, 45, 48, 46, 50, 51, 53, 50, 56, 48, 54, 51, 57, 55, 54, 52, 48, 55, 48, 53, 125]
I/flutter (23972): 21 Начало низкоуровневого2 получения позиции 43 656
I/flutter (23972): 21 Конец фото для позиции 43 671
I/flutter (23972): 22 Страт фото для позиции 43 672
I/flutter (23972): 20 Конец низкоуровневого2 получения позиции 43 698
I/flutter (23972): 20 Позиция {"distance":0.17216666539510092,"sensor":-0.21936992540597913} {"distance":0.17216666539510092,"sensor":-0.21936992540597913} [123, 34, 100, 105, 115, 116, 97, 110, 99, 101, 34, 58, 48, 46, 49, 55, 50, 49, 54, 54, 54, 54, 53, 51, 57, 53, 49, 48, 48, 57, 50, 44, 34, 115, 101, 110, 115, 111, 114, 34, 58, 45, 48, 46, 50, 49, 57, 51, 54, 57, 57, 50, 53, 52, 48, 53, 57, 55, 57, 49, 51, 125] {"distance":0.17216666539510092,"sensor":-0.21936992540597913}, [123, 34, 100, 105, 115, 116, 97, 110, 99, 101, 34, 58, 48, 46, 49, 55, 50, 49, 54, 54, 54, 54, 53, 51, 57, 53, 49, 48, 48, 57, 50, 44, 34, 115, 101, 110, 115, 111, 114, 34, 58, 45, 48, 46, 50, 49, 57, 51, 54, 57, 57, 50, 53, 52, 48, 53, 57, 55, 57, 49, 51, 125]
I/flutter (23972): 22 Начало низкоуровневого2 получения позиции 45 198
I/flutter (23972): 22 Конец фото для позиции 45 207
I/flutter (23972): 23 Страт фото для позиции 45 208
I/flutter (23972): 21 Конец низкоуровневого2 получения позиции 45 370
I/flutter (23972): 21 Позиция {"distance":0.1773770054181417,"sensor":-0.24481331184148786} {"distance":0.1773770054181417,"sensor":-0.24481331184148786} [123, 34, 100, 105, 115, 116, 97, 110, 99, 101, 34, 58, 48, 46, 49, 55, 55, 51, 55, 55, 48, 48, 53, 52, 49, 56, 49, 52, 49, 55, 44, 34, 115, 101, 110, 115, 111, 114, 34, 58, 45, 48, 46, 50, 52, 52, 56, 49, 51, 51, 49, 49, 56, 52, 49, 52, 56, 55, 56, 54, 125] {"distance":0.1773770054181417,"sensor":-0.24481331184148786}, [123, 34, 100, 105, 115, 116, 97, 110, 99, 101, 34, 58, 48, 46, 49, 55, 55, 51, 55, 55, 48, 48, 53, 52, 49, 56, 49, 52, 49, 55, 44, 34, 115, 101, 110, 115, 111, 114, 34, 58, 45, 48, 46, 50, 52, 52, 56, 49, 51, 51, 49, 49, 56, 52, 49, 52, 56, 55, 56, 54, 125]
I/flutter (23972): 23 Начало низкоуровневого2 получения позиции 46 740
I/flutter (23972): 23 Конец фото для позиции 46 748
I/flutter (23972): 24 Страт фото для позиции 46 749
I/flutter (23972): 22 Конец низкоуровневого2 получения позиции 46 758
I/flutter (23972): 22 Позиция {"distance":0.17213567097981772,"sensor":-0.233923299100399} {"distance":0.17213567097981772,"sensor":-0.233923299100399} [123, 34, 100, 105, 115, 116, 97, 110, 99, 101, 34, 58, 48, 46, 49, 55, 50, 49, 51, 53, 54, 55, 48, 57, 55, 57, 56, 49, 55, 55, 50, 44, 34, 115, 101, 110, 115, 111, 114, 34, 58, 45, 48, 46, 50, 51, 51, 57, 50, 51, 50, 57, 57, 49, 48, 48, 51, 57, 57, 125] {"distance":0.17213567097981772,"sensor":-0.233923299100399}, [123, 34, 100, 105, 115, 116, 97, 110, 99, 101, 34, 58, 48, 46, 49, 55, 50, 49, 51, 53, 54, 55, 48, 57, 55, 57, 56, 49, 55, 55, 50, 44, 34, 115, 101, 110, 115, 111, 114, 34, 58, 45, 48, 46, 50, 51, 51, 57, 50, 51, 50, 57, 57, 49, 48, 48, 51, 57, 57, 125]
I/flutter (23972): 24 Начало низкоуровневого2 получения позиции 48 297
I/flutter (23972): 24 Конец фото для позиции 48 305
I/flutter (23972): 25 Страт фото для позиции 48 306
I/flutter (23972): 23 Конец низкоуровневого2 получения позиции 48 314
I/flutter (23972): 23 Позиция {"distance":0.18800838788350424,"sensor":-0.232395801987648} {"distance":0.18800838788350424,"sensor":-0.232395801987648} [123, 34, 100, 105, 115, 116, 97, 110, 99, 101, 34, 58, 48, 46, 49, 56, 56, 48, 48, 56, 51, 56, 55, 56, 56, 51, 53, 48, 52, 50, 52, 44, 34, 115, 101, 110, 115, 111, 114, 34, 58, 45, 48, 46, 50, 51, 50, 51, 57, 53, 56, 48, 49, 57, 56, 55, 54, 52, 56, 125] {"distance":0.18800838788350424,"sensor":-0.232395801987648}, [123, 34, 100, 105, 115, 116, 97, 110, 99, 101, 34, 58, 48, 46, 49, 56, 56, 48, 48, 56, 51, 56, 55, 56, 56, 51, 53, 48, 52, 50, 52, 44, 34, 115, 101, 110, 115, 111, 114, 34, 58, 45, 48, 46, 50, 51, 50, 51, 57, 53, 56, 48, 49, 57, 56, 55, 54, 52, 56, 125]
I/flutter (23972): 25 Начало низкоуровневого2 получения позиции 49 842
I/flutter (23972): 25 Конец фото для позиции 49 852
I/flutter (23972): 26 Страт фото для позиции 49 853
I/flutter (23972): 24 Конец низкоуровневого2 получения позиции 49 867
I/flutter (23972): 24 Позиция {"distance":0.1681296428044637,"sensor":-0.23087507140278815} {"distance":0.1681296428044637,"sensor":-0.23087507140278815} [123, 34, 100, 105, 115, 116, 97, 110, 99, 101, 34, 58, 48, 46, 49, 54, 56, 49, 50, 57, 54, 52, 50, 56, 48, 52, 52, 54, 51, 55, 44, 34, 115, 101, 110, 115, 111, 114, 34, 58, 45, 48, 46, 50, 51, 48, 56, 55, 53, 48, 55, 49, 52, 48, 50, 55, 56, 56, 49, 53, 125] {"distance":0.1681296428044637,"sensor":-0.23087507140278815}, [123, 34, 100, 105, 115, 116, 97, 110, 99, 101, 34, 58, 48, 46, 49, 54, 56, 49, 50, 57, 54, 52, 50, 56, 48, 52, 52, 54, 51, 55, 44, 34, 115, 101, 110, 115, 111, 114, 34, 58, 45, 48, 46, 50, 51, 48, 56, 55, 53, 48, 55, 49, 52, 48, 50, 55, 56, 56, 49, 53, 125]
I/flutter (23972): 26 Начало низкоуровневого2 получения позиции 51 354
I/flutter (23972): 26 Конец фото для позиции 51 363
I/flutter (23972): 27 Страт фото для позиции 51 363
I/flutter (23972): 25 Конец низкоуровневого2 получения позиции 51 373
I/flutter (23972): 25 Позиция {"distance":0.17636104424794516,"sensor":-0.22758852535128593} {"distance":0.17636104424794516,"sensor":-0.22758852535128593} [123, 34, 100, 105, 115, 116, 97, 110, 99, 101, 34, 58, 48, 46, 49, 55, 54, 51, 54, 49, 48, 52, 52, 50, 52, 55, 57, 52, 53, 49, 54, 44, 34, 115, 101, 110, 115, 111, 114, 34, 58, 45, 48, 46, 50, 50, 55, 53, 56, 56, 53, 50, 53, 51, 53, 49, 50, 56, 53, 57, 51, 125] {"distance":0.17636104424794516,"sensor":-0.22758852535128593}, [123, 34, 100, 105, 115, 116, 97, 110, 99, 101, 34, 58, 48, 46, 49, 55, 54, 51, 54, 49, 48, 52, 52, 50, 52, 55, 57, 52, 53, 49, 54, 44, 34, 115, 101, 110, 115, 111, 114, 34, 58, 45, 48, 46, 50, 50, 55, 53, 56, 56, 53, 50, 53, 51, 53, 49, 50, 56, 53, 57, 51, 125]
I/flutter (23972): 27 Начало низкоуровневого2 получения позиции 52 905
I/flutter (23972): 27 Конец фото для позиции 52 913
I/flutter (23972): 28 Страт фото для позиции 52 914
I/flutter (23972): 26 Конец низкоуровневого2 получения позиции 52 929
I/flutter (23972): 26 Позиция {"distance":0.1575212081273397,"sensor":-0.22827188259005546} {"distance":0.1575212081273397,"sensor":-0.22827188259005546} [123, 34, 100, 105, 115, 116, 97, 110, 99, 101, 34, 58, 48, 46, 49, 53, 55, 53, 50, 49, 50, 48, 56, 49, 50, 55, 51, 51, 57, 55, 44, 34, 115, 101, 110, 115, 111, 114, 34, 58, 45, 48, 46, 50, 50, 56, 50, 55, 49, 56, 56, 50, 53, 57, 48, 48, 53, 53, 52, 54, 125] {"distance":0.1575212081273397,"sensor":-0.22827188259005546}, [123, 34, 100, 105, 115, 116, 97, 110, 99, 101, 34, 58, 48, 46, 49, 53, 55, 53, 50, 49, 50, 48, 56, 49, 50, 55, 51, 51, 57, 55, 44, 34, 115, 101, 110, 115, 111, 114, 34, 58, 45, 48, 46, 50, 50, 56, 50, 55, 49, 56, 56, 50, 53, 57, 48, 48, 53, 53, 52, 54, 125]
I/flutter (23972): 28 Начало низкоуровневого2 получения позиции 54 391
I/flutter (23972): 28 Конец фото для позиции 54 398
I/flutter (23972): 29 Страт фото для позиции 54 399
I/flutter (23972): 27 Конец низкоуровневого2 получения позиции 54 407
I/flutter (23972): 27 Позиция {"distance":0.16008629401524863,"sensor":-0.23509632947683332} {"distance":0.16008629401524863,"sensor":-0.23509632947683332} [123, 34, 100, 105, 115, 116, 97, 110, 99, 101, 34, 58, 48, 46, 49, 54, 48, 48, 56, 54, 50, 57, 52, 48, 49, 53, 50, 52, 56, 54, 51, 44, 34, 115, 101, 110, 115, 111, 114, 34, 58, 45, 48, 46, 50, 51, 53, 48, 57, 54, 51, 50, 57, 52, 55, 54, 56, 51, 51, 51, 50, 125] {"distance":0.16008629401524863,"sensor":-0.23509632947683332}, [123, 34, 100, 105, 115, 116, 97, 110, 99, 101, 34, 58, 48, 46, 49, 54, 48, 48, 56, 54, 50, 57, 52, 48, 49, 53, 50, 52, 56, 54, 51, 44, 34, 115, 101, 110, 115, 111, 114, 34, 58, 45, 48, 46, 50, 51, 53, 48, 57, 54, 51, 50, 57, 52, 55, 54, 56, 51, 51, 51, 50, 125]
I/flutter (23972): 29 Начало низкоуровневого2 получения позиции 55 927
I/flutter (23972): 29 Конец фото для позиции 55 944
I/flutter (23972): 28 Конец низкоуровневого2 получения позиции 55 952
I/flutter (23972): 28 Позиция {"distance":0.155890425046285,"sensor":-0.19718061810374257} {"distance":0.155890425046285,"sensor":-0.19718061810374257} [123, 34, 100, 105, 115, 116, 97, 110, 99, 101, 34, 58, 48, 46, 49, 53, 53, 56, 57, 48, 52, 50, 53, 48, 52, 54, 50, 56, 53, 44, 34, 115, 101, 110, 115, 111, 114, 34, 58, 45, 48, 46, 49, 57, 55, 49, 56, 48, 54, 49, 56, 49, 48, 51, 55, 52, 50, 53, 55, 125] {"distance":0.155890425046285,"sensor":-0.19718061810374257}, [123, 34, 100, 105, 115, 116, 97, 110, 99, 101, 34, 58, 48, 46, 49, 53, 53, 56, 57, 48, 52, 50, 53, 48, 52, 54, 50, 56, 53, 44, 34, 115, 101, 110, 115, 111, 114, 34, 58, 45, 48, 46, 49, 57, 55, 49, 56, 48, 54, 49, 56, 49, 48, 51, 55, 52, 50, 53, 55, 125]
I/flutter (23972): 29 Конец низкоуровневого2 получения позиции 57 367
I/flutter (23972): 29 Позиция {"distance":0.1569522817929586,"sensor":-0.20639470466613768} {"distance":0.1569522817929586,"sensor":-0.20639470466613768} [123, 34, 100, 105, 115, 116, 97, 110, 99, 101, 34, 58, 48, 46, 49, 53, 54, 57, 53, 50, 50, 56, 49, 55, 57, 50, 57, 53, 56, 54, 44, 34, 115, 101, 110, 115, 111, 114, 34, 58, 45, 48, 46, 50, 48, 54, 51, 57, 52, 55, 48, 52, 54, 54, 54, 49, 51, 55, 54, 56, 125] {"distance":0.1569522817929586,"sensor":-0.20639470466613768}, [123, 34, 100, 105, 115, 116, 97, 110, 99, 101, 34, 58, 48, 46, 49, 53, 54, 57, 53, 50, 50, 56, 49, 55, 57, 50, 57, 53, 56, 54, 44, 34, 115, 101, 110, 115, 111, 114, 34, 58, 45, 48, 46, 50, 48, 54, 51, 57, 52, 55, 48, 52, 54, 54, 54, 49, 51, 55, 54, 56, 125]
Lost connection to device.
